117

1111111111 1 Deo 1111 ut 11111111111,1111 1111111111-
licuntur. 11, 1111), 1161.

1111111111111 1111111111, quani 11111111 111111111111. 1,
15111. 1111111111111111111111111,1111111111 111 11 11111 111111-
111; sie irascemini, 1111111 111 11111111111111111111,
[155. 11 111111 1111111111, 111111· 1111111111 11111111 sicile
1111111111111. 11, 111. sum 1111111111 uubis, orandum [ii-
uiiius 11111 1111111111 ulciscendi 1111-111111111 111111111115,11111111
uro 11111111111111111111 uostris. 11, 11711. Fortitudo 11115-
11111. 1111 11151111111111111111, uuu zui 1·1;·1111111111111, sud
ui ’1111111111111111111111, 1181. 11111111111111111 uisis
«iuuit 1111111 111111 1111, 11 111111 11111111111111111.1,1.“1111.
11111.·1111·111111 1111111111 1111111111 Augustinus-A, 11181.
11 11111111 qua· 11 111 1111111111111111111111115 1111111111111,
staminium 111 1111111111 ·’, 381.

1111111111 1111111111 11111 1111ὲ111 1111111111. 111, buuuu
AEuyuuuu 11111 1111111111. 111, 111· . ¹

11111111 111111 paganorum. 111, 1811.

11111 111111 11111111 1111111111. 111, 758.

111111111111 1111111111 oblationes. 1, 1511. 11111 uon
(11111111111111111111 1111 1111111 abigatur a 1111111111)-
111111, 111. 1, 51111.

uuum 11111111 1111111111. 1. de 1111. 1111111. 1 111. V 11 XV.
1111111111. 1111111 11111111 cognoscitur. 1, 1161. 111111 usse
11111111. ratiocinatum 11111 1111111111. ΙΙ, wi. 1111 111111111111-
11115111111111111111111. 1111111111111111. 1, 1111111111 ‹iis-
111111111111 1111 11111 ex 1111111111111. 1111, 8111. 1111111111.
1111, 1111111111 essu agnoscitur 11 111111115111111111. 11,
11111111. 11111111111111111111111 11 1111111111, 176,
115ὖ.11111111111ο 111 uei 1111111111111111111111 putonii-ivn,
111. 1111111111 molibus 11111111111111111111 11111111. 111
11111111 111111111111111111111111, 11 11111111111111111111 11-
11111111. 1, 1011. 1111. est iis 11111111111111111, 111 1111·
1111 rationaii juni 1111111· 11111111, 11111 1111111111 1111111111
11111111111111111 111, 111111111111111111 1111111111, 1111111111
1111111111111 1111111111, 111111 {uiuit 1111 1111111111 1111111111.
111, 19111. 1111111111111111111 11111111111111Ι 1111111111, ut
111111 1111111111. 11, 1111. Quomodo aguuiiuiu 1111 1111111.
1, 1111. 111111111 1111111111 1111111111,1111111111111 1111111110,
uon 11111111. 11, 615. :Vi-u 1111 11111111, 111111111111111111,
11111111 ausus 111111 cogitare. 11, 111. 1111111 1111111111
apuria insania 111. 111, 131. 1111111 1111111111 11311111 [111-
curum 111. 1, 111. usus 11111111111 11111111111111111511
agnitus. 111, iiiii. 11111111 111111, iouis 1111111111111 11111-

11111. 111, 11111.

μ 1111111111 111, 11118111111111111. 1111 1111111, verissimum
usi 111111111111111111. 1, 1111. 1111111 11111 111111111111,
11111111 1111111111. 1, 1111.111111111111111 1111111111 111111·
111111. 1,1111ῖ.11111111 1111 1111111111. 1, 111 ,111, 115,
iiii, 11111.111111111111111111· 11111 1111111 111, initi. 1111111
ussi· 11111111 11111111 11111111· 1111111111 11111111111111111·
runi 11111111. 111, 1511. 11111111 11111111 1111111 111111111 11-
11111. 11. 1111111111 1111111 1111111111111111111111111111111,
111111. 111111111111111111111. 1, 1517.

. 1111111 111 111, ,1111 quii 11111 sii. 1, 1111 1, 115, 1189.
1111111111 1111111111111111111111 uuus, 1111111111 sii. 11, 11111.
111 111111 1111111111 ignominia 11111111, 1111111 11111111111
11111111. 1, 11115. Nou 111111 11111111 1111111 seu-o« 1111111
{ubils-usca 1111111111 11111 1111111111 11111, 1ῖ11; 11 , 11111
a· 11111111111511111111111 111 quo 111111 mulius 111. 1, 111ῖς
11111. uuus 111 1111111»1111111111111111.Ι, liz-V. 1111 11111·
111111. 11117111. ¹ Ι

1111 1111·111,,111111,1’11, 1511. neus summu 11. 1111111111
111. 11 . 31 1111111111 111. 111, 1111111. 1111111111 111 se
111 sit 111111 111111 11111111 1111111111. 111, 5711. 111 usi 11111,
1111111111111111111111111, 11 1111111111 suni, 111 siut. 11,
iiii. 1111111111 111,(1111111111 11111111111111 [11111111. seu
1111βὲ1111, 159. 111 neo 111111 quui 11111111, 111111111111111. 1,

1111 1111111111111111, 131. uuus 11111111111111111111111111,
111111, 111111. 111111 flurs 1111111111 11111111 111111. 11117111.
1111111111111 111111111111111.1111,9·18,1119, iiiii· 111111· 111111
1111111111 11111111 11 incommutabile. 111 , 111. 1111-
modu 111, 5111. 11111111111111 11111115, 111111 1111111111
1111111111 11111111. 11, 111111. nen 1111 1111111,111111111111.
11111111111111111, quui usi inagnum 1111 imnum
esse. 1111, 1117. Furium 11111,1111111111 1111, 111.. 1111, usi,
929. 911, 1155, 1111. 5111111111 ussa. 1111, 917, 111111.

nui 1111111, 1111111. 111, 111711.11111111111111 iuiuiiigitur
1111111111. 11, 111.). 11111 usi 11111111111111111111. 11, uu.
11111111111111111. ,1, ixii. 111 1111111111111111 1111111111·
11111111111111111. 111. 11. 111111111111111111. 111, 11171111.
1111111111111111111111111. 111, iiii. Qiiiii.1uiii 11 1111 11111-
1111111111111111111111111. 11. 1111. 111 1111 11111111. 11111111
111111111111111111 11111111. 1111. 1111. 1111111111· 11111111·
1111111111, 1111 essentia, 111 se 1111111111 11111111 111 111-
quid. 1111, 911. 11111111131111111111111111111 1111111111

iuuux uuuuuuuffi.

111

111111111111111111 1111111111 vei 1111111111 est 11111111·
1111111111. 1111, 11161. 11 1111111111 muudum 11111111· 11111-
111, 111111111111111 511111111111111111 1111111111 relationum.
1111,1115,911.111 11111 1111111111 (1111111111 1111111111,
1111111111 1111111111 11111111, 11111111 uiuum-uu 11111111.
1111, 1111, 1111. Circa 1111 naturam inquo 1111111111 (aiiii)-
1111 11 1111111111, 11 quo dissentiunt. 1, 111111.

11111111111111 sua 1111111111 esi 1111111111, 11 1111111111
111111. 1, uti-'i- 1111 usse 11111111, nun 111111 uultu· anui.
1. 11111. nuum 111111111111111111111111111 111111111111·
11111111111111111, 1111111111111 1111111111111, 1111111111·
5111111111 111111111711. 1111111111 111111. 111, 11111.
iiia 1111111111111111111111. 111, 111111. uuus 11111111 11111111
1111111111111111, sicui 11 11111111111111111111.111,11”11.111111
summum 11111 principium. 1111, 111. 11 1111 1111111 sub·
111111111, 11 ratio intelligendi, 11 ordo 11111111. 111, 111.
neus non ejusdem cum 1111111111 unium. Vli. 1511. 111 uei
11111111111111111 111111111111111111 1111111111 11111. uuiti
91111111111111111. 111, 111. uei 111111, 1111111111 11111. 111,

1111. 1111111 1111111 1111111111 11111111, nuc 1111111111
11111111111111111. 111, 111.

uuus 11111111111111,11111 cogitandum. 1, 111.(,1111111111 riuus
nun 11111511111111111.11111111111111. 111, 11111111 1111111-ι
11111111111111111. 1, 6111; 11,1111,111”1,11171;1,1119, 11111. nn
11 1111111111 11 1111111111111111111111 1111111111, 111111111-
11111111·, 11111111111111 111 1111111111111111111111111111

1111111111· ,11111111111111111111 11111 · 11111111,

’11,1111. uuus veriusmgiiaiur, 111111 1111 111,· 11 vinu·
111, quain 1111111111.1111,9511. neum aliquantum 1111111
1111111111, 1111111111 111, 111111111111111 1111111111111. 1,
uui. 11111 111111111111115111111111111111 quureniius. 1111,

11111. 1111111111 111111 1111111111 sine 1111111111 1111111111
1111111111. 1111111111 111 11 1111111111111111 imo
1111111111111111,11111111 maguis 1111111111· 11 1111111111

iii, 171. 111111 11111111· eloqui 111111111111, 1111111 11111111
11 11111 minus eloquitur. 1111111111111111111111 1111111111.
1111, 11111111 111111 1111. 111 11111111 1111111111111111111
possit 111111 1111, iiiii. 11111111111111111111111111111111111-
11111 esi. 1111, 1111. 11111111111111111111111 111111 1111111111.
1, 11111. 1111111 1111111111 cogitans, 1111111111 1111111111.
V, 11111111111111111111 11111111 1111111111, 111. 11111111
(1111111111 11111 1111111111. 1111, iiiii. iiuus 11111111111111111-
uuus. 111. 111311. 11111111111111111111111111111, 111.-1111111111
11111111111111111111111111111 11 1111111111 11 minitatione
portui. 111, 11111. ’1111 11111111 1111, 1111111 1111111111 qui-uui
1111111111 1111111111111· 111, 1111111111 1111111. 111. 1111111111
111111111111111111111111111, quam 1111111111. 111, 315, neus
11111111, 11111111, 1111111111,11111111111111111. 111, 511

uuus 1111111111. 1, 1111111111 111. 11, ,111, 11, 1111111. 11111-
11111. 1,11111,11111; 111, 11, 11111 11, mnu. 1111 majestas ι
111111111111111111 11111, 1 1111111111111111111. 11, 1013.
uuus usi 1111111111, 11. silendo pius 111 eo 11111111 iicet
1111111111111. 1, uui. 11111 1111111111111 1111111111111111,
11·111111.11111111’1111111111111111111

i ,11 , . i· “ . ‚ , .
11111111 iiii 111 11111, 11 111111 (11111111111111111 1111. 111,1“1111;
V, 11’ῖ1; 11, is& 1111, 1511, 111, 611, 6111. 1111 11111111
1111111·1111111·.1111[,1111 1111111111 1111111 inveniri. 1 11, 118.
111111111111111111111111 neo (111111 1111111111,1111111 111
1111111111 1111111111 legimus. 111, uui. uuesus. 1111111111
11 111111 11111111 1111111111, nun 1111111111, sed quia nihii diei
1111111111. 1, 11117.11111111111111111111111 1111111111 ui·
1111111111, 1111 ibi ruiuuiis 1111111111111111 1111111311111. 11,

411.

1111 11111111111111 11111111111111. 1, 1111111111 11-
1111, 11111111111111111111. 1116111. nui 1111111 esi ipsum
1111. 11, 1111. 1111 1111111 ’1111111111 111111111111111
111111111111 1111111111. 11, 1111. 1111111 11111ιῇ1111·
1111111111. 1 11, 1111111111. 1111, 9511, . im 1111,
1111. 1111.Χ 1111111111 111111 1111111111 anuum 1111111111
11111111. .’ 5.

11111111111111111111 1111111111111111111111 1111111
1111111111. 111, 1111111. uuum 11η11111111-1111,11111111 uii-
111111, 1111111111 ’111111111111111191 1111111111. 11,
8111 ;111, iffi 111,-111. neo 1111111111 corpus 1111111111, uu
11111 sil substantia. 11, 1119. Au 111111 11111111 igneum, 1111
1111111111 111111111111111. 1111611111 1111111111 111. 1.
711. 111111 1111111111111111111111 1111111111111 usi. 111111,
111111111111111111111111111111,1111111111 1111111111
11111111111111111. 111111. V, 111, 11111. 11111111 1111111111
1111111111, 11 iu spiruuuus 111111111111111111111, 111 esi uuus.
1111, 11511. 1111111111 1111111111111111111111111,Ί1111 1111 111-
1111111111111,1·11111111111111111111111111.1 1190111111
non 11,-1 (orpus 1111111111. 111, 1111. 111111111111111111111
quum absurdum. 11, 1111. 1111111111 1111111111111 1111111-
111. 11, 1118, 51111111111111111111111111111111 111111 cufl-
1111111.1,’111.11 1111 corporaliter 11111, qui 1111111111. ,1.
1518, 111, 1611, 186. 11111111 tribuuntur meumspiriuli·

 

