rw

1111111 musa. 11, 11111. ’1111111111 111111 1111111111 1111111111,
11111 Ι11111111 111111111111111.1,12111. rrrrraerm nun 1111

1111. 1111111111. 11, 311 111, 11111ς 11111- 1111, 1111, 1111,
1111;1’, 1111, 11111, 11111, 1111, 1111, 11111ς111,-11,11-11.
11111111111111111111111111111111 11111. 1, 11111. laus 111111 111ιῦ
1111111111, 111111 111 111111 11111111111·.11,11111,1111 1111111111
11111, martyrum 11111111 1111111111, 11111111 111υ1111111.1,11111.
1111111111 111111111111111111111111111111111. 111, 111.

1111111115 11111111 1111111111 ’11111111111111 1111, 1111. 11111Ιῆ
111.1111111111111[111111, 111111 111111 1111111111, 111111 111111 r·
111111111111111111 occisus. 111111, 11111. 1111111111· 11111111
1111111111111111, 1111 11111111 ,11111111111111111 1111111111 111111.
11, ruri. 1111111111111111111111111111 11111111111111111 11111111 111111·
11111111111111 111111111111, 111111111111111 1111, 11111111
sunt quia 1111111 1111111111 1111111111 1111111111. 11, 1111. ¹

111111111111, 11111 1111111111111111111 11111111· 11111111111 111-
1111111. 11,11111. 11111 1111111111,11111 1111 1111111111 1111111111.
V. 1111. 1111111111 11111111, 111111111111111111111. 1111111111·
1111 1111111, 111111 1111111111111111111111111.1, 1191. rurr-
1111111111111111 1111111 111. 1, 121111.

111111111111111111 11 11111111. 11, 1111. 1111111111111 111·
(1111111111, 111111111ιιι;11111;1 1111111 111111 1·11111·1111111.11’,17111.
1111111111111111111111111111, 11111111111111111, 1111. 111111 1111111111
bona 111-11. 111, 11111. 1111111111111111111·1,1111, 1111111 11111-
111111111111. 11, 811. ,11111 111111111111111 11111 1111111111
11111111111111111111111111 1111111. 11111111. 111-11111 111, qui
11111111 ers: 111 111 1111111111, sed 11111111·111111,1111 1111111111
111111·1111111.1,1111 111111111111111111111111111 1111111111 umr-
11111, (1111111111111111111111111 11111111111111. 11. 11111, ,

11111111111111111 1111111111, 1111111111 1111 1111111111· 11111111,
111111111111111. 11,11“1“11; 11, 1111, 1115. 111 11111151 iis 11111111
1111111111 sine carrale 11111111. 11, 1111. 111 1111111111 1111111-
11111111, 1111. ,1111111 11111111 1 1111111111 111 1111 rr, 11111 1,
11111111111111111 1311111111 1111111111 111111111111111111. V, 11111.

11111111111111111 narrando, 1111 1111111111 1111111111. 111,
111. 111111111111111111111111 11111111111111111111111. 11,
1811.11111111(11111111111111,11111111111 111 1111111111 11111-
111111111. 11, 7111, 1111111111 111 1111111111, 11111111 1111111111
111 1111111 us 1111111111111111 · 111, 111, ,1111111111 111111111111111111-
1111111111111111111111111.1111111. 1111111111 1111 111111111111111111
11111111. V, 1011. 1111111111 r 111111111111111111111111111 11111-
11111. IV, 1782. (1111111111 111111111111111111 11111 1111111111
1111111, 1111111111111111111111111, 1111111111 11111111111111111111.
eV, 1111ἰ Ξὲιιι ruis t'mrsus· 1 1111111111, 11111111 1111 111· 1111111
111111. .

11111111111111111111111111111111. 111, 11111. 11111 11111111111111
1111111. 5111 1111111111111 1111111111. Vll, 11111. ,Vm-{yrum 11111111
de 11·1111111,·11111 11111111 1111111111. V. 1111. ,1111111111 1111-
1111111 1111111111 11111111111111111111111111111111111 111. V, 1121.

martyrum 1111111111111111111 111 1111111 1111111. 11, 11111.
1111111111 1111151111 1111111111111111111.111,1111. 1111111111
11111111, 111111111111111111111111111· 111111111ιὶ11. 111, 1111. 1111·
11111 1111111111111·1111111111111111111111111. 111, 111. 111111111ιί1
111111111111111111111111, 111111 riri. V, 1111. 1111111111 111111-
1111111111111 11111111111111.1’11, 1112. 11111111111111111111 111111111-
1111Ι hauc 1111111111 r 11 111111. 111, 11.

1111111111 sarranis 11111111. 1, 1111. 1111111111 1111111111,
111111 111111 11111111111111, 111111111111111 1111111111, 11, 111ς
1. 1.11, 1111111 111111111111111111.111111. 1111, 11111.
Martyrum mors, 1111111111111111112111·11111;111111111.1 ΙΙ. 111. 1111·
1111111111111111 1111111111. 1, 118. 111111. 1111111111111111111111-
111111111111 111111111111111111,1·1 11111111111111Ι 1111111111111111111111
11111111111111. V, 11111. 111111111111111111111111 1111111. 1,
111. ’111111111111111111 1, 1111. 1111111111ιὶ 1111111111111111
1111111111. u, 11111. 1’1111111111 11111111111111111,1111111111
111111111111111111. VI. 11111. 1111· 11ωέ11111ιί111 111111111111.
1111111111 111015,111111111111111111. 1 , 11111. 1111111. Ι11111111.
1111111111, 111111-11111111111·11111 1111111 111.ι.1111111.11. 11111.
1111111111 1111111115 11111111111111111 1111111111Ιί 11111, 11111111. 11,
711.11111111.111111111111111111. 111, 111111. 11 1111111 11
111111111111111111111111111 1111111111, 1111111111111·1·111111.1,1.1·11.
11111111 11111111 11111111 sr. 111111111111111111 11111111111111111.
1, 13111. 1111 111111111111111111 1111111111 11111111111111 11111111,
1111 supplicium 111111111111111111111 111 1111111111. V. 1111. 1111-
11111111111111111111111111111111111 111111· 111111. 11, 11111. 11111111
1ὶ“Ὶ’“ rs rssrrrrr'ly'ivs 1111111111, 1111111 densi ·r eurora rrrrrrryrss.

,11’1’.

11111111111111111111111. 11111111111111111111111111 nur-rr.

111111111111111111-·1“’1111111111

11111511111113- ι·1“-1·ἶ-. 1
111. 1111111111 111111111111111111. 1111111, 1111. 1111111111
11111111111111111111111111111111111 11111111. 11, 11ῑῖ1, 11111. 1 11111-
11111111111111111111111111111 prust 1111111111ιὶ· 111111. 1, 11111,
11111. 11111· 1111111111111111111 parra 11111111111111111111111·
1115, 111111 ,1111111111 1111111111111. V, 11111, 111-111111 1111111
111111111111111111111111, 1-11 111 1111111 1111111111111111.1.11111.

1111111111511111111·1111111111,111111111111111111 sibi, nnn 111111-

1111, 11 1.

INDEX (1111111118.

1111111111 1111111111. V. 1111. Fr 1111111111 1111111111.
V, 11111. 1111111111 11111111,111111111111111111111111111 11 11111111
11111111111111111111. V. 1.·11111. 1191. 1111111111 1111111,11111-
..

. ἰ. · 1 , r· . a . , ·
11111 111111. ,1111111111111111111111111111 11111111011111111. 11111111
111111111111111111115,11111111111111111 1111111 11111111111111 mlta 11
51111111111111111111, 11111111111111 1111111111 111111111111111. 11,
11113, 11111 11111111111111111111111111111111, 1111111 1111110111
1111111111111111111 11.-1. 111, 1111. 1111111111 1111111111 1111
11111111111111111111 111111111111111, 1, 111-’1. 111111 1111111111 rer-⁴
111111 1111111111. 1, 1111. 111111 Christo 111111 ets} 1111111
11111·111,111111111111·,11111111. 1, 11111. 11111. 1111111111 11111111·
1111111111111111111111111111111111. erm 11111 suar, 1111 1111111
11111111111111111111 111 111111· 1111111111. V. 11111. Cum
11111111 1111111111. 1, 11111 111, 1111. 1111 se 111111111111111111,
1111111111 1111111111 1111111111, 11111111. 11111111 1111111111. 1,
rm. 11111111 11111 Christus 111. V. 1-111. ’1111111111 111
11111 111111111111111111111111,11111. 111 1111111111 11111 11111111
111111 111-1111111· 111 1111111111. 1117111. 11111111 11111111 111111-
111. 1111111. V, 1111. 1111111111111111 1111111111 1111110111 ,1111-
111111 111 1111111111111111111111111111111 11 1111111111 1111111110
11111111 1. 11111111111ε 1111111 1111 1111111 mn 1111111, qui 11111111
11111111111ἦβῗξξψ1 1911. 111111111111111111111111111111111
1111111111 , ιω ι

11111111111111111111111111111111111 1111111111, 1111. 1111111111
sanguis 111 romu-trime 1111111111 1111111111111111, rm. 11.
11111111 1111111111. 11, 1111. 1111111111 111·111,111,111.·;.,1,11,13,
,1111111111 11111111 1111111.1,1·117. 1’11111111.1,11111 111-11111111
11111111111111111 1111111 11111111. 111, 1111. 111111111111111111111111
1111111111 111-11111111. 11111.11111111111111111111111111·
1111111 (11111111. 111. 1111. 1111. 0111111111111111111111 Cursum
1111111111 err-:rra 1111111111 1111111111 1111111111νί11 1111111111.
111, 1.·11. 1111111111 1111111111 1111111111 11111111111111111111111111-
1111. 111. 111. Quare alnaria 1111111 11111111 111 111-11111. 111,
..11.111111111111 11111111.1111111.111111111111. 1111111111 uon
111111111111111111. 1, 1111, 1117ς111,1ἲ11,111. 1111 11111 Deo.
1111111111. 11111111 111-1 1111111111111111111. 111 runnu·-
1111 ’111111111111111 1111111111. 1112511. 1111111111 111111 1111111111
1111111111, 11111111. 1111111111 111111111111 11111111, 1111111
1111111111111111111111111,1111111111· 111 1111111111 1111111 rur,
1111111111 11111 11111111111111111111.11, 11111111111111111 1111111111 111
11111111 1111111111. V, 1111. Λ 1111111111.1111111111111111, non
1111111111111 11111111, 1111111111111111111111111111.111111. 11111·
11111 111 111111111111111111111 111111111111 111111 1111111111. 1,
11111, 11111, ming 11, 111 1111111111 111111 111 11111111
1111, 111 1111111111 Ι11111111111111111111111111111.1, 11111. 1111111111
dum 111-1111111111, 111111 pru 111111.111111.1’. 11111, 11111, 111111,
151111. 1111111111111111111111011111. ΙΙΙ, 1111. injuria 111 111
11111111· 111111, V. 1111. 111111111111111111111111111 se 1111111111.
1111 1111111111. V. HVMVVV. 1111111111111111111111111111 1111111111-
1111111111. 111, 1111. 11111111111111111111111111111 11111111 111111
111-11111111 11111111· 1111111111. V. 1111. ,1111111111 1111111111111111
surr, qvia 1111111111111111 1111111111 1111111111. 11, 10111111
11111 11111111111111 nos, 11, [111-11111111· pro 11111111. 1, 11111. 11111.
11111111 1111111111 [1111 111-11111111 111111111111 111111 1111111·
111. V, 15111. 111· 11111111· 111111111111111111.1. 151131. 1111111111,
11111111111111 11111 ι1 1111511111111111111. 1 Ι, 11111. 1111111111 111 ο·
111111111111111111· 1111111111 1111111111111111 111. rum 111111111111111.
11111111, 11111 111 ,1111111111111111111111111111 murras. red 1111-
111111 111111111111111 1111111111111111 11111111. V, 1111111. ,1111111111
11111111 1111111 smnus. prr 11111111111111111 1111111111. V, 11111.

1111111111 11111111 rur 11111111111111111·11111 1111111111111111·
1111111111 111111. 11. 11111. 111 11111111 111-11111111 ,1111111111111
1111111111·1111111111,1111111 1111111111111 'rasuris «intrantur.
1111111. 111111 111 1111111111111111111111· (1111111111 11.
11111111111111111· 1111111111. 1111. 111. 1111111111113111111111· 1111111111
Mamm-s. 11111111 1111 [aratrorum. 111. 111,11111111·1111 1111110-
rire 1111111111 s 1111111111 111111111111111. 1 11, 1111. 11111111 111 rc·
1111111 11111111 111 1111111111ὶῆ 1111 1111· 11111ζ1111 V, 1113,
11111, 1111111111111111 1111111111 11111111111111. Ι, 1111111111.
111111111111111111111111111, 1111111111 nominabam qrzi 1111-
111111111. 11, 11Ξ1 (marr. 11 11111· 11111111111111111111
1 1111111111. 1111111111 111111111ιὶ1 1111111τί1111· 111111 suut
11111111. 111, 111. 111111111111111111111111111111·1111111101111111111-
11111111 111 11111111111111111, 111111111111111 1111111111111111111111,
11111111111111111111111111111111. 111, 111. 9111111111111111111 111111-
111111 1111111111 111111111111111111111111111111111 11111. 11, 11111. {rui
11111 111111 r: 1111111111 1111111111 1111111111, 111111111111111-
11111111111 11·11·111111.11,11111. 1111111111 111 nor! 1111111111, 1111111
1111111111111111111 111111111111111111111111- Vr 1117. 1111111111115
’.111-11111111111· 1111111111, 11 1 1101110111111111111111ἓ.1, 11111,
11111, 11111, 1111. 111111 Fra! 1111111. ‚

Maplwpg imnrffllj· γ’ 31, 112, 15811, 111011, wm- namuu-
1111 119111111111111111111111111111, 111 11111111 111ιί111111. V. 11111.
1111111111. 1111111111, V. 11111. 11111111111 11111111111111111 11111111
11111111· 111ι·1·111.1’,1.11.“1’. 11111111ῑί11 1111111111 nolus 1η
rsus [1111111111. V, 11111. Martyrium 1111111111111111 mus

 

