111 ’ 11 1111111 111111 111111 ..1111111111 ,,,,

defecerit 111111 1111111.11,11111,861.11111111 1111111111 1111111 11111111111111 11 1111111111(111111111111, 611.
11611111, 1111111111. 11, 516. christus. 1111 omnibus 111- 8111111 1111 11111111 qna· 111· 111-1 1111111111 111111 1111111111
11111111111111111111 1111116111111111111111611111 111 11111 6111111,111111111111111..11,661.9111111111911111111111111111-
111111 1111111111 11 1111111111 1666. 1111 11111 quenl 1111111111111 111 111111 91111111 111111 1161·
1111111111611111111 111 1111111111. vm. 16111. 11111111 111· 111111. 11. 11111, ῗ117·,1111,11111· 1101111111 11111111 1111111 sint
11111161111111111111111111111111111111.11,671.11111· 11111111· 111. Im. 111111111111111511111 111111 111 11111 1111111111.
111 1111111 1111111111 111111, 11111111111111111 1111111 1111 111, 'lll- 9111111111 6111111 1111111 1161111111911111 1111, sed
1111111,1111111111111111,11111111111111111611.11611. 111111111111111111111111 5111111115 (1111111. 111 ,621 Ι1111111-
Virtutes 1111111161 11111 111 11111111.1,111111.111111 1111111, 1111111111 1111.Ι 111111. 11 1111111 1111111111, 1111111 1111111 111-
(11111111111111111 necessitato 111111. Χ, 11111111 1111 111111 1111111. 1111111 111311110111111ιὶ11 leuatus. Il· 7⁰³, 7111· 11111111·
11111111111111 11111 11111111 11111111 11111 1111111111, 111 11· 1111 11 Augustulus. 11 761. 111111 1111111111111111111111111111
1111 11111 1111 1111 11111111 1111111. 11, 1171, 671. 11111111 eorpus 11 11111111. 1111111111 1111111111111111111111
dua, un.. activa, astera contem 1111111111 ΙΙΙ, 11113- Ill 1·qu (11111111111111 11111111111111111111111111111111111111,
111 1111111111, 111111111111111111..11111111111111911111· -· 111111111111111.11, 225. 611111 111111 1111111111 111-
lus 1111 16 1111111111111111111, 1111111111, 111, 1116. 11111111 1111111111,1161111111’1111111111111111111111111111111111
1111111111116111μι611111111111111111111111,111611111- 1111111111111 11111111 11, 16]. 9111 1111 11111111 11111111
111 61111111111111111111111 11111111111111111111111111111111 111111 videri 111111. slve 111111 111111, 1111111 111 1111111111-
,11,,11111111611111111111111111111111111111111111111· 1111111 1111111111 1161161111 , 11211. 116111 911111 ·
111 111111111111111111 111 11111111 11111111. 11, 11711. 1111111111 1111111111111111116111111 1111111111. I. 676. lull· Deus
111111111111111 11111111111111111111111-1111111111.11,-51151111· 81111111111 111111,Ι 1111 1111111 111111 1111111111. m. 11116
,,,,,,ι,,,,,,,,,ι,,,1·,ι-,,1·,, 1111 11111 16 11111111 1111111111 11 111111111111111. 11, ⁴8¹⁵.
111. 11111 11111111 111111 11111111. l, 1636, 11111 11 111111· 11111 1)·111111111 111. 111 1111111111. 111. 1719· 111 11111111 111·
1111,111111116111111111111111111111111 1111111111 11111111111111- 111111. 111, 166111 1111111 111111 1111111111 11. 11111. 111,
111,1111·11111.1,1111.111,1111111111(13111611111111111111 11116. 1111111 11111 11111111111111111, 111 1111 pem
,111111 1611111111. 11, 7111, 711, 9111, 1165. 111111111111111 6111111111, 111111111111111111 1111111111 111-111,
1111111111111611111111111 111, 1111111 111111111111111111111.1”111, 13111. 1111111 ,11111 1111111 11 111111 11111 11, 161. usin
11111. ’1111111116111111111111. 11, 1117. 111111111111111 1111111. 1 11, 797. (tunm-alem 11111111 nm 11-
11111. 1161111111 1111111111 1111111 11111 11111111 11111111, 1111111111, 111111 ,1,11111111111111111111111111 11111111 11111111
11111111111111.111111. 1111111’,611.1111111111111111 1111111. 11. 1116. 111111 1111 1111111111· stu· 11111111-
11-1111 111-116111. 1169116611. 1111111111 1111 6111611111 111111111111111111 11111111. 11, 1111. 11111 1111 1“ .·1111. 1,
11111111111111111111111111,111-,1111111111 1, lusti. 111. 6111111111 11111111111111, Trinitas 11611111. 11, 19111.
1’11111111111.1111,91111, 966. 11111111111111. Ι, 1911111111 1111111 11111111 111111· 1111111111911111 11 visionem Ι·“1111. 11,
11111111 11111111· 1111 11111.111·,1111111111111111111111111111, 167ζὶ. 11111111· 1111 1111111 1116111111. X. 661. 111111 11111
1111111 . 0111111111. 1111, 11117. 11111 1111· ,1111111111 11· 11111111111111111111111111111111111116111111. 1 11111111
61111111 ex oculis. 111, 151 111 qna» 1,, 1,, ,11,-1, 1111111111, Ι)1·1 1111111, 111111111111111 1111 11111111111111111111111111111111
111-11 1111111116 1161111111. 111, 1116. 111111111111111 11 1111111- 111, 11111111111161111 9111111111 111, m 1111111 1111111111
1111111 111111 16 1111111 11111111, 1111111111 Epicuri 111 1111111- 11111111 11 111111 111111. 11, 1166. 11111811111111111111111
11111, 1 111 111111111111111111111111. 11, 116, 117. 1111111111 11111111111111111111111116111111111.11, 11116. 11111 Ilei 111111
111111. 11111111111111 1111111111111111,111 1111111161111111.11, 111 1111111. 1, 566. 1111111 11111111 11 11111111 11111111, 1111
llio. 1111111111 111 111111111111111111, 111 111111111111111, 1111 ,1111111 1111111111 1111111111. 1, m. 11111 1111111111
. Im 1111111Ι 1111611111111111111 1111111111· 11111111 1111611111
11111 1111111, well-cunam. spiritalis 11 1111111611. 111, 1111111111 11111 1111111111. 1,,5116. 1111111111 11111111111111111
m 167. 1111. (n). 111-11 1111111 11111111 11111111, 1111 1111111111 1111111111,67181111111111111111,71111111111111111111111
11111111.11, 1197. 1119. 91161111111111111111 1111111111. 11, 111111111111111. ,1111111 11611. 111, 11156. 11111 Ilei
6117, 1161615, 616. 1111 1,.11111 1111111111111 11111, 1111111 1111 111111Ι 1111111111, 1611.111119111111111111111111111111.
11116 11111111. 11, llll. Cum 11111111 intellectuali 1111111 l'. 1176. 11111 111111111111111· 1111111, 111 11511111111111111
1111111611,111111 1111111111 111111 illum. 111, 196. ,11111 1161111)11111.11’,1616.Ι
1,11111111111111111111111111111111111111 16111.111,1711.111 11111 1111 11111111111111111 1111111111 1111111111Μ.
1111111111111111111111111. l'lll. 966. ’ 1111111111 111 11111111 1111111111111111 ,111111-1111111111111. I, I .. 111111111111111
1111111111111116111111111. 1111, 9116. 0111111111 11 unum 11,-1.,111111111111111.-11111111 1111111 1111111111 [1111111111.
1111111111 11111. 1111, 997. 1, 1111, 567, 1171. 111-11111111111111111111111111111111,1
11111 [11161111111111 1111511 temporis, 11111 111111 : 1111 11111111, 1161111111 1111111 111 [1111111111 11111111. I, III⁰
,111-11111111,11111111111111. 11, 11166, 11131111111111111111, ,111 1111111111 1111111111111111 1111111111 1111111 1111111 ms·
11111111111111.1111111111 1111111111..111111,1,.11
11, 661116. 11111 1111111 911111 6111111111, 1111 1111 11111, 11 11111. 11, 167.
111 61111111 11111111 1111111 11111 caruis 1111111, 1111111111 111111111111111111111111,17111111111111111111111.
1111111 1111. 111111, 11111111 111 61111111 qual 1111111111 11111111. 1111111111 1111111111 11 11111111111111. 111, 169. 11111
1111111 111111 1111111. 11611111111111111111111111 11111111- 1111111 111 6111111. 111, 181. 0111111111. 111, llll. 1111111111
1111111111 1111111111111111111 11111111. 11, 6611611. 1111· 11111111111111111111111111111111,1111111111. 11 1111911111-
22:231:Illfffflzlllfflssll⁰IIIIIIIIlla 1111111111111,1111111111111-111111,111111
111. ΙΙΙ, 171111 11111 1111111111111111111111. 111, 111. 11111111 11111111111111 11111111111111111, 11111 1111111111111111111111-
11111111111111111111111111111111111111111111 11111 1111111111 1111111711.111111111111111111111111111 1111111111111111,
1111116111 1111111611 111.11111111111111111111111111·
,11111111111111111111119111111111111 111. 11. 6161111111· 1111111111 1111111111 1111111111.. 111, 171. 6111111111Ι 1111111111ιῆ
1111111111 vu 1111111611 1111611111 61111111, 11 1111111111 11111111116111111.111,166. 1111111111 ‚unm
11111111119111111111111 1111111111. 11619. 8111111111 1111111111111111111111111. 111161. 11 1111111111 111111·
111 1111111111 1111111 11111 1111111111, 1111111111 11 111111 111111111- 11111111111111111111111 11611111 111 1111111, 111116 lumen quo
111111111111111111 1111111111. 11, 11111. 11111 11611 11111111 111 1111111111111111. Ill, 1711.
11111111111111 1111111, 11111 1111 111 1111 1111 1111611111 111111111111111111. 111. llll. 111111111111111116111111111,
111111 1111111111. 111, 111, 171111, 11111. 1111111111111111111 111111116111111111111111111.111, 176. 111-1111111111
1111111111 611111 1111111111 1111111111 1111. 111, 591. 11111- 1111111 11111111, 11111111 11111 111111111111. 111 1761111·

111111161111111111111111111101 111111 1111111111 111111, sieut 11111111111161111.111, 111. 1111111111111111111 1111111191

1111111111111111. ΙΙΙ, ⁴83. 111 111111 111111 1111111111 1111111111611111ς 1111111111111. 111, 17 . 11111111 11111111·
1111111111111111111, 1111111 111111 11111111111111,11 1111111111. 11111. ,1, 1111. 1111111111111111111 1111111 1111111111 1111111111,
11, 661. 0111111111. 11, 661, 666, 669, 611. 116111 1111111 6111111111 1111111111. 11. 166·. 1111111111111111111111111111111111
111,11111111111116111111111111111111116111. 1111611111 ” 1111111 11111111 1111611611 11111111, 11111 11111111111111191111.Ι
1111111111111111111, 1111111111 111111111111 111111 - 111,171.11.111111111111111ω1111111111111111,111111111·
qul. ΙΙ, (19.1)11111111 1111111116111111111,111611 11 11111111 11111111111111. 111, 111. 1111111111 11111 qua* 1111111111 spirl-
11111111 11161111 1111111111. 1,611.111111111111.11,667,61Β. 1111111111111111 1111116111111111111111111111111111111·
1111111111 6111111111111111111 Ι1111111111 1111111111 1111111111· 11111111 1111111. &Illum 11 1111111111111111111111111111
6111 111111113111111111, 1111111111 1111111111111. l, 161. 11111111111611111111111111111.111,71“1.111111111111111111111111-
111111111111 6111161111 ,111 111 661111111111111111111111 111111 11111 11,,111111111. 1111, 11171. 11111 1111111111· does
[111-1111111111111161111161111.111,1111.11111111111111111111111, 1111116111, quam 1111111111161111111111111 Idm. III,
..1111111111 11111. 1111...1....11.1··“
¹ 1 · ...1. . · 1

 

