11 111111 namt. 1111 1111111. 11 1111. 111111 11111 11111 111-
11111 11 1111111111. 11, 119. 1111111111 1111111111
11111111Ι 111 1111, 1111111111111111111111111111111111 11, 1111.

1111111111111111 1111111. 1, 11111). 1111111· 1111111 1111111111
1111111111, 111 1111111111, 11 1111111 11111111.Ι Ι, 11111. 111111

111111. 1. 1111. 1111111 1111 1111 Ι1111 1111111111 11111111.
1. 1111. 111111111111111111 1111111 111111. 111 111111 1111111111
11111111 1111.. .

111 1 11111111111111111111111111. 111, 778. 1311111111 11-
111 1111111111. 11. fin. 1111111111ῑί1 111 1111111ὶ1111111 1111111
1111. 11. 311 1111111111111, 1111111 1111111. 1· ..11111111-
1111111· 1111111111 1111111111, 1111 11111 1111111111 111111 , 11-
11111 1, 111· 1111111111 1111111111 111-1111111, 1111111111 11111-
111111 111. Ι, 111. 111-11111111 samolum 11111111111111.111111111
1, 1111· 11111111- 11 1111111111 1111111111 1111111111 111-111111 111111
1111111111. 1111. 11. 111111111111111111111111111111111 111 11111.
1111111 1111111111. 11. 1111. 111111111111111111 1111. 1111 11111·
11111· 1111, 11111 111 111-11111111 1111111111111,111.11111111111. ΙΙ,
11111. 1111 11111 11111111 1111 1 1111111111 111 111-1111111 1111-
111111, 1111 11111111 111 51111111111111111111111111111111.
11111 111, lis-uus, 11111 11111, 1111111 1111111111 1. 1111. 111.

111-111111 111 111-1111111111·11111111111111111111. 1511111-
11111· 11111 111111 Ecclesia). 11, 111111.

1111111111 1111111 Ι 1 ’

111111111111111 111111111111111111111111 11 111-11111111. 111,
1111111111 111111111111111111111111.11. 1111. ¹ Ι

1111111111ιί 111111 1111111. 11111 1111111111111111111111111111111
1111111111, 11111111 11111· 1111111111 111111 1111111· 11111111. 111, 1 11.
11111111111111111 1111111 11111, nisi 111 christum. ,1, 111. 11.·1,
8111. 11111 1111 1111 1111111111. 11. 1111. ’1111111111 111111 11 11111-
1111111111111111111111. 1111. 119. 111111111111111 111111111-
1111111. 111. 11711111. 111 1111111111 11111115 11111111· 1111111111
11111 11111 11111111 ,111 1111111111111111. 111111 1111111111 1111·
1111111 111111111111111 11, no. 11111111111111 1111 1111111· 1Ι.
1111.1111111111111111111111,111111 V. 11111. 11111111111111111-

1111 1111111111111111 1111111111111111 11111111.1.1,111111
1111111111111111111111111111111. ΙΙ, 1111, (111. Ι

1111111111 1111111· 1111111111· 11111 111111111111111111 111-
1111, 11111 11 11111111111111111111111111 11111111, 111111111- 11-
11111111. 11. 1111.

111111 1111111 111 1111. 111111111111111111 111111 111. 11,
1111. 111111 111111, 111, 1111111111 111111 111 11111111. 11, 11 111.
1111111111 11111111111111 11111 11111111 11111111 11111 111111.
1 111111111111111111111111. 111, 111111. 1111 ; 11, 1111111,
111, 1111111111, 11. 11, 111. 11. 111, 111. 11111·
111. nectus est 11111111, 1111111111 11 111 111111 111111 1111111111
1 1 -1111ῑς 11 111 11111111 11111 1111111 11111111, 111111 si 111111
11111111 11, 11115 11111111 111111111111111111111 1111111111, 1111-
1111111111111111111111111 111· 1111111111 1111111111. 111111111,11

1111 1111111111. 11, 111111. 1111111 11 1111111111111111. 1,

11. 11111111 11 11111111 c. 1111111111, 111 1111111111 1111111111
{mim 111111. ἱ Ι ⁴ r ..

1111111.11,111.11111111111 11111111· 11111111. 11, 1121,
“ganan-mere. 1111 1111111111111 1111111 1111 111-111111110-
1111 1111 111111111111111111111111111111111111111111, 11111.

1111111111111 111 111111 1111111 11111111111111111 1111-
femma 11, 1151.

111-1111111111111111111,111, 9111. . Ι ι ι Ι
11111111111111111111111111111. 1. 11111. 11111111111111111111111

11111111111111111111111111 111111 111111. 111, 111. 11111

smum. 111111111111111111111111 111111(11111111111111111111111-

111111111111111111.1’11.’ 111 111 11111111 1111111 1111111111

1111111111, 1,·116, 1111. 11111·111111111111 1111111111 111111111111111
1111111111 1 1111111111.11,1511. 11111. 11111 111111. s. 111-
1111111 111111111111111111 Filii 1111. 1, 1111. 1111111111 1111111
11111111 1111111111. 1111111111111· 11111 111111. 1. 1111, Ι
11111111 111 11111111 111111 111-1111 1111111111. 111, 1109,
1111111 1111111 111 111111 111111. 11111111 sn· 111111. 11.. 11111.
1111111111111 11111111111111111111111 1111111111· 111511111111111.
Χ 171. 111 1111111111, 111111111111111111111111111 ,111111111111-1.
1111111. 11, 1110. 1111111111 111 111111, 1 11111 1111111 11. 11,
111111. Ι · Ι Ι
1111111111. 1111 11111 1111111111. 111· 1111111111. 11, 1111.
1111111111111 mum-sime 11111111, 11 1111· 11111 01111 111·
111111. 11, 111111. ι
Ram-:mm 11111111111111. 11. 111. 1111, 11111. 1113111111.
1111111111111111111. 111. 11111, 111“1; 111111 11111111111111111
11111111 111 11. 1,Ι 1111111. 111111. Et 1111111. 111, 5111, 111111.. 111111-
11111111.111111111111111111 Christi 1111111111 ,1. 111. 111-
gem-rationis 11111111 1111111111111111111111111111111· 11111111
111111111111111 111111 11111 : antiquis 11111111 justis 111111111111111
1111111111. 11, 1111. 1111111111 1111111111 11111· 1111111111
11 11 111111 111111. 1111111111 11111. 111, 1111. 111111111111111.
111-1 1111111111. 111111 Christo 111-11 111. 1111111111 Ι111 111-11.
11,1111.Ι11131111.11111111 11 111 1111111111 1111111111111111-

1111111. 1111111111111111111 1111111111. ,1.111.

1111111 canemus. 2111

1111111111) 1111111111111111111111. 1111. nti. 11111111·
1111111111111111111111111,1111111111. ,1, 171 1111111 11111· 1 · 1·
1111111111 1111111111 ’1111111111 11111111 11111. ,1, ΙῙῖ. 111-11.·..11-
1111111111 11111111. 1, 1117.1;1·11111111111 1111111 11111111. 111
1111111111, 11111111111111· 1111111 11111 1111111, 1111.11111111ἵ,; 11
1111111 111 111111111111111111111 11111111·111111111111111111111· 1ῑ 1.
111111. 11, 11111, 11711. 111111111111111 11111111 11111111 11111111
11 1111111111111. 11. 1117, 11111 111111111111111. 1111111111-
1111,11.11·1 ε,1·1,111·1111,111 ..11 11111 111111 11111111 1115111111,
1111 11111111 111111 111111. Ι1’, muti.

111111 111111 -1111111111111 ,1, 525. 1111 11111111111111111·
111111. 11, 11111 1111111111 11111 111111. 11111111 1111111 111. 1,
3111. A 111-11 1111111111· 1111· 1111111111 11·.11.1,1111111111 11111· 1111-
1111. ,1, 1311. 1111111 1111·111.1,111·111111111111 111 ,1111111111 1111111
111111,.111111111·1.·1111·. 1’,111;“1 111111 11111111, 111111 1111
111111. 11. 11711.

11111111 11111111 11111111111111111, 1, 2115,

1111111111111111111111·11111111. 11. 77, 711. 1111111111 11111
1111111111 1111111111111111111. 1ἸΙ. 111. 1111111111 111 111111 111 1111
1111111111. 111. 111. Et 1111111. 111. 1111. 111111111111· 11111111111111
111111111111111111111111, 11 11111111 11 1,1111111111111111111111

1 1 1.

11111111 11111111 11111111 11111111111111111111111111111111111 111.
1111111111. 1111111. 11111111111111·.1’11, 1211. 111111111111111-
11111, 1111 11111111· 111 1111111111 111111111111, 11111. 111111Ι
111-111111111111111111 111111 11111 11 111111111111111 111 11111111
111-1111111111. 111. 1111. 11111111111111111111111 11111111 111,
1111. 111111111111111111111 11111111 111 ’111111111,1·1·Ι 111111111-
11111111, m. 11111111 1111111111111111111111,111, 11ῖὶ. 1111-
1111· 11 1111111, liis 111111, 111. 111. 1111. 11111. 11111111. 111. 11111,
1111, 1111111111111111111111111111111111 11111, 11 111111111Ιί11 11-
111111, 111 1111111111.11111111111111111111111. 111. 11111. 111-
1111111 1111111 11111 11111 11111111 ..111 ,11111111 11111111111. 11 11111
111111111111111111111111111111. 111. 1711. 11111111 11111111 1111-
11111111111111Ι 1111111111111111 111-11111111.111111. 111. 111,
172. 177». 11111111111111111111 111111 11111 11111,1111111111111,11111-
11111111111111,111111111. 111. 111 1111111111 1111111111 11111111
1111111111111111111. 111, 111. 11111111 1111111111 11111111, 11111111
111.111111111·1.11.1ΙΙ. 11.·1, 1111111111 1111111 111111111111111·1·-
1111 111, 111. 1111111111111111111111111.,1111111 111111111111 11-
11111111. 111. 111. 11111 111-1111111111111111111111111111111111-
1111111111 111. 111. 111 11111111 111-1111111111· 1111111111-
anx-iniunt. 1ἸΙ. 1111. 117. 111 1111111 11111111 11111111. 111111·
messius. 111, 111. 1111111 11111 11 11111111111111111. 111,

111111111111111111111 1111111111 1111 111, 1111. 1111111111
111·Γ11111111,1.1·11111111111111111111 Assyriorum 11 111111111-
1111. 111, 111111 11111111 11111111 11111111 111111111111111111·
11111 1111111111 11111111. 111. (11.1. 11111111111111 1111111111111
1111111111 11111 1111111111. 1’, 1111. 11111111 1111111111 1111-
111111111111111111111111111111 111 111111 ’1111111111 11111.
111. 5111. 511. 1111111111 11111Ι 11 1111111111111, 11111111111111
1111111111,1111111111, 1, 1111. 111 11111111 1111111. 1. 5, 1,
11, 111. 1111111111 1111111111. 1751.

1111111111 111 1111111111· 111111111111111111111 11111111, 111111.
11111111 111111, 111111111 1111111, 11111 11111 1111111111 ,11,1118. 1111111111
1111111111111111 vx 1111111 1111151 1111111 11111. 1. 1111. 111·
111111 (111111111111111. 11, 1115. 11111111111111111 111111 1111Ι
1111111111, 1111 11111 1111111111111111. 111, 111511. 1111111111 1111111,
si 11111111111111111111111 111111111111111111. 1, 5111. 1111111111
1111111 1 111111111111111 11111111 ,1111111111111111111 1111111111.
1. 11117. 1111, (a). 111111111111111111111111111111111111111111
111111 1111111111111111111. 1, uu. 1111111111 1111111111. 111,
613. 11111111111111, 5111.

1111111111 1111111111111 111111 1111111111. 1119. 1111111111
1111111111, 111111.11111’11111111 qui 11·Ιί 1111111111111. 1. 1110.
11111111111-111111, 11 1111111111 1111111111 1111111 1111111111-
111111111111111111 1111111. 1111. 111· uum 11111111111111
1111111111 1111 111 1111111 111111111111111119, 130. 1111111
1111111111 1111111111 111111 111 1111111111· 1111111 1111111111. w] 11
novis 1111, 5111. 1111111111 1111111111 111 111111 1111111111)
1111111111111111, 111111 111111111111111111111111111 1111111.
11111. X, 1111111111. 111 111 111111 111111111111111. X, 527.
111111111111111 1111111 111-11 11111111· 11111111 111111111111·
1111111111111111111111. 111, 75. 1111111111 1111111111 111111111-
11111, 111111 111111111111111111. 11, 11111.

11111111111111, 1111111111111111111111111111 1111111111. 111,
111111. 11111111111111111111111. 1, 1111011111111111111111.
161111711111· li 11111111. 1111 11 11111 111111· 1111111, 111
11· 111111 Dei 11111 1111111111. 11. Ιῖθ. Α 1111111111 excludit
1 1111111 11111111. 11. 171. 11111111 1111 1111111111111111 11
,111-111111· 111111 111111111111111. 1. ww. 1111111111 11111111111111
111 1111111111 1111, 11111111 111 111.1111111111.1·. ,1,7111. Nonnisi
11111 111111111111111111-1111111111. 111 111 11111111 1111111111·
111111 1111111111. 1111. 1111111111111111 ,1111 Christi 11111111·
1111111111. ,1. 1111. 1111111111 1111 11111111111111111. ,1, 11111.
11111 11111111 1111 11111 1111111 1111111 11111111 111 1111111.-
1111 11111111. 1, 1111. 11111 1111111 1111111111 11111111

b-n- ο-μι, ..

 

