a}

’1111 memoria 111111 11111111111111111111111111111 1-
111111111111.11,1111. . · Ι
1111111111111111111111. 1, 1111. Ad 111111111111111 11111111
ωιῃιι1111111111 1111111111 111111. 1, 7111. 11111111111111 11111·
1111111111 1111111111 1111111·11111111111111 1111 1111111111
11111111.1’,111.“1. 1111111111 1, 111 1111111111 sanctorum,
1111111111 11111111111111 11 1111111111111111111111111; 111111111-
1111111111111111111111 1111111111. 11, 11111111 1111111111111 11. 1111111
1111111111· 11111111 111111111111111111111113, 111 111111 1111111111
1111111111 11111. 1111111. 111111111111111111111111 11111111-
1111111111,111111111111111111.111119. ,
1111111111111111111111. 11111 1111111111. 1111111111111111111111
1111 ipsi 11111 1111111111· 111111111111111111. 11 1111111111, 11111111
1111111111, 1111 1111111 1111111111. 11, 1781. 11111111 11111111-
sutri 11111 ,1111111111 15111,110.11111111;11111·1111 11111 ·-
111111111 11111111 111111. 1, 713. 1111111111 1111111111, 1101111-
1111111111 reliquiarum 111111 1111111111. 111, 1· . 1111111-
13111111111111111111111111 11111111111111. 11 511, 331.
111111 111 desiderat libros 1111111111 111 11111111. 11, 5111,
56η’11111111111111111111. 111, 1111.
1111111111111111111111 11111111111·111111111111111111. 111, 11111.
1111111 1111 11111· 11111 1111111111111111111111111. 111, 11111.
11111111 1111· 11111· 11111. VI , 1111111111 111111111111111111111111
11111111.111,11’·.). ¹ .. .
Menander 1111111111, 11111111111111111111 11111111. 1111.
1111111111111111111111311.1’1, 11111, 181. 11111111111111 11111111
1111111111 111 11111111 (1111111111 1111111111111111 , 1111· 1111111
1111111111. 111, 11111. 1111111111111111 111111111111111111111111 11-
111111111 1111111111. 11, 11111. 111111111111111 11111111· 1111111111·- 111
11111111111111111111111111111. 11, 11ῖ11. 1111111111 1111111111
1111111111111. 1, Χθῑὲς 111, 1111. 1111111111 1111 11111 1111111111
1111111111111. 111111 1111111 11111111 111 5111111111, 1111 11
11111111 sui 1111111111.ι.1’1, 11111. ’511111111111111111 1·11,1111111111-
111111011111111111111111111 111 1111111. 11, 181. 111 1111111111
111 1111111111111111111 1111.111,71111111111111111111111111-1111

1111111111 1111·11,1’“11111111111111 11111111 111111, 1111111 11111111 1111-“

1111. V. 151111, 1111. ,1111111 111 1111111111 1111111111, ,11111
1111111111.1111111111111111. 11, {Vh 11,.’1111 1111 11111111111111 111
111111111111101111111111111111 1111111111111·,111 1111111111. 11 .
111111111111111 nonest 111111 qnod 1111 111111111111111 111. 11,
1111. 111111111111111111. 1. 11, 1811. 111-111111 11 111111 11
111 1111111 110111111111111111111. 1111 1111111111 11411111. ΙΙΙ,
15112.111·11111111 non su 11 111, ἰ. 11, ἵῖ8; 11, 1115. 11111111.
111, 1181ς 11,-181. 1111111111 111 ,1111111111 vx 1111111111ιί1,
Ι11111111. 111101. 11111ιί111111 1111111111111111111111151111111111-
nv. 111, 111. 11111111.·1111111111-1111111111 1111111111111111113111
1111111111,1111111111111 1111 sine 1111 111111 111 111-1-
mur, 1111 111 1 11511111· 1111111111. 11, 1111. 111 1111111111111111
finnt, 11111111 1111111111 1111111111. 11111111111111111111·
11111111 1111111111111111,111111111111111 aliquanda 1111111111 111 omni
1111111111. 11, 111, 811. ,

1111111111 [11111111. 111, 1118. 1111111111111111111111110111 111
11111111 1111111111. 111,·.’12.11111111.·11111 1111 111 111111111-
111 11111111111. 1111111111111111 ,111 111 1111111111. 1111 11111
1111111111. 11, 1111111111111111 1111 111111, imo 1111111111ιί,
mentiri. 1111111111 1111111111 111. 11, iffi. 11111111111111111111111-
11111. 1, 1511, 11111111 num aliquando 1111111111111111. 11,
1111. 515. 1111111111111 111 cordis 1111111111. 111 11111111
1111111111111111 1 11111111, 1111111111 1111111111. 11, 11111, 11111.
mandacii 11111111 1111111 11111111.111,“.)111111. 1111111111111
1111111111 1111 1111111 111111. 1, 11111. 11111111111111 ι llic-i« 11111.
Vl. 11111. 1111 111111111111111111111111111111,11111· 1111111111 11·. -
11111111 11111111).1’11111.1Ἰ, 11111. Au iis 1111 111111. 11, 1111,
11111111 1111111111 1111111111111. 111, 1121.1ῑ1·111111·1.·111111·11,1;ι
non 113111 11111111 laudamur. 11, 111. 1111111111 11 s. 11111-
Es 1111111111111111111 1111 1111 1111111111111 1111111 11. 111.
111111111111111111111 1111111111 11111111111111, 111 1111111111·
«1111111111 111 1111111111. 111, 111111. Quid 111, 1111111111 1111111111-
tus 1·11111111 11111 111 1111, 11111111 11111111111111111111. 11. 11111.
11111111111111111 ’1 1111111111 111 1111 11111111, 1111111
11111111111111 1113111111 1 1111;11,111111111111 111111 1.111.»1.1“1,111“1,
' Simo 110111 1111111111 1111111111 1111111111 1 111 11111111 1111111.
Vl. 511. 111111 1111111111111111 111111111111111111111111 111111 111111.
11191, 113. 11111111 mentiendum 1111111111111111111 111111
1111111 1111111111. 11. 11111. 1111 ,111111 ita-ruam 111111111111111111
1111111111 111 11 1111111111 1111111111. 1 1, 3111. 1111111111 1111·
¹¹ae 1111111111 111111 1111111 111111111111111 1111111111. 111
1111. 1111 1111111111111111. 11, 11111 Qui 11111 11111 111 1111111 111-
minis 111111111111, plurimum 1111111·111; 11 1111111111111, 1111111111
11111111111111111111. 11111 111111111111111111111111111. 11111,
1111, 1111. ,111 1111111111 111111 1111111111111111. 11, 1111,
11111. ,11111111111111111 111111 11111111 1111111 1111111111 ι 1111111,
111111111111111111111111,11111 1111 11111115. 11. 111-1. 1111111111
diem-1111* 11· 111111 1 111-1111. 11, 315. 1111111111 1111111111· 111
usu 1111111111,11111111111111111111-1111111111111111111111,

mnu cumanus,

m

1111, 1111111111 1111111111111 1111111111 ad detegendos
11111111111111111111. 11, 11111111, 11111 1111.

1111111111111111111111111111 11111111 111-11111111115111 111 lulen-
(11111111111111. 11, 11111 111111· 1111111111Ι 1, 11 11111 111111 111111
ε1111111111.1”1.11“111. 111111111111111 1111111111 111111111111111·
11111111. 1. ‹rs-¹. 1111111111111111111111 1111111111,111-11111·
11111111 111111111111111. 1, 1111. 11111 11111 111 1111111111111111.
1, 117111. ,11111111111111 11111111 qui 11111 1111111111111111, 111111 11·
11111111 1 111111111111111111 11111111 11111111111111. 11,-1111.
11111111111111. 11, 1117.1111111111111 111-11111111111111111111-
1111, 11111 confitenda 1111111111. 111111. 111111111111111111111-
1111111· 111-11111111 111111111111·11,1111111 1111111111111111111111.
11, 720, 111. 11111111111111111111 11111111111111, 1111111111 111.
V, 981. 11111111 1111· 1111111111· 11111 11111. 1,·113.1’111111-
cium uuna 111111 1111111111111111111 11111111111111111.1“1,1117.
11111111111111 11 1111111111 roligionis 11111111111111 1111111111111111.
11, 11110, 1111, 11111.

111111111111111 1111111111 loqui 11111. lV, iffi. an·lat¹i«···
111111 1111 1111111. 111111.1111111111 1111111111 1111111111-
11111111111111 11 111-111 recensitis. 11, 3111. 11111111111111 111111-
1111111111·1111111111 1111111111111111 11111 1111 1111111. 1111111111·-
11 1111111111. 11,·1111. 1111111111 11111 111 1ἶ11111111111111 111111 1111111.
V, 1111. ,1111111111-111 1111111111 11111111111111111111111111 1111 111-
1·11,1111111 111-1111111111. 11, 11·.’ς 11, 1111. 11111111111111111111-
111111111111111111111 1111111111, 111131111111111111. 11, 113.
αὔ, -Ἲϋ, ἵ11.·.ῖ.

1111111111 1111111111111111 111 11111 111111· 11111111111111.
111. 7118; 11, 1111, 115. 111111111111111.1.ι.ι·1·111,·11·.111111111 11·
1111111111»111111111111·11111111111111 1111111111. 1 . -“ 1.·1.
11111’1111111,Ι1.1;;1·, 11111111 11.1111··11.11111··111111111 11. V. ÷·=;
11, 1115, tm. 111-1· 1111111 ,11111111 111111111111 111 111111-
sunt 111 11111111 111 1111111151111111111111. 11, 1112. 1111111 1111
1111111111111 1111 111 11111111111111111111. 111, 5117. 11111·
1111111111111111111111 111 11111, nun 111-,11111111 1111 111,
5111 111111111111.1. 11, 1111. 11111111· 1 1111111111 111111.-
11111. 1Ἰ, 511. 1111. 1111111111111 111111111111111 ,1 11·, 11 1.. :1
1111111111111. 111, 11117. 1111111111 11 111111 ’1 1111111111 1111-
11111111 1111 1111111111. 11, 51711. 11111 11 111111111111-111111
111111 1111111111 1111111, quia. 11, 1111. [111111111111111 1511111. 111
1111111111· 11111111111111111111111 1111111111 11, 1117. 111111 1.-
11111111111111 ’11·11111111111 11111 1111111111 1111 1111111. 11.
1111111111, 1111111111111111 11111111111111111111. 1. 1111. 11111·
1111111.1111 111111, 111111111111111 1.·11111 1111111, 11 11111111
1111111111, 1111111111 unu 1111 111-1111 1111111111111. 1, 7:51.
11111111 11 1111111111, 11111 1111111111 1111111111, 11 1111111111.
121718. 1111 111111111111111 ,11111111111111 11.1111111·1111111··1;1.
11. 11111. 111-1111111 11110111111111111 1111111111) 1111111 111111
(11111111111111. ΙΙ, 111.

11111- lauhun 111 11Ι snit 11111111. 111, 7118. 11111111 11111111·
cium 1111111 1111 1111111111. 11, 11119. 1111111111111 11111111 lugu
1111111111. 1, 11111. 11117. 1111111111111111111 1111111111 1111111111
1111111-1111111. 11171111. 11111111111111111111 1111 1111111111. 11,
..1111111 11111, 1111. Diabolus 1111111111 1111111111, 1111111111
111111111111111 eos 1111111111 111, 11115.1111111111111111 1111111111·-
11111. 1, 1111, 1111111111. 1111111111 1111111111111111111111.1“1,
1111. ,1111111111111 11111111111111111 1111111111, quantu 1 1111·
1111 1111111111 11, 11111. 11111111111111111111· 1111111 1111111111,
11111111 1111111 111 1111111 1111111111. 11, ,11, 1111 1111111111
1111111111 11 5111111111 1111111111.1’, 1911. ν1111111111 1111111 1· s·
11111111111111111111111111·. V, 1111, 511. Mem-res 1111111111
quam 11111 11, 1111. 11111111 111111 1111111111 111111111111111, 11111111·
1111111111111111111111. 11, 11111. 111111111111111, 1111111111110111111
101111111111111. 111, 1117. 111111· 11111111 1111111111 111111 1111·-
11, 1111111111 11111111, 5111, 11111, 511. 1111111111 sigua 11
11111 111. 111, 11111. 111 111111 1111111111 111111111111111,11111111
1111111· 1, 111111. 111-1. 1111111111111111111 1111111 nisi 1111111-
1111111. 1, 11111, 11111. 11111111111111111115 1111111111. 11111 111111
111111111111111. 111, 18. 111 1111111111111111111111111111111, quia
1111 1111111111111111111111111, 11111 111111 1111111. 11, 111.
11111111· 111 1111111 1111111111 hominvm 111111 1111111111 11 111-
111111111111111111111. 11, 1811. 1111113 1111111111111111111-
11111 1111111 11·-1111111. 111, 115.

11111111 11111 1 111 qun (1111111111. V, 157. ¹158. 11111111· ,111
11111111 1111111111. 11, 11111. 111111111111111111111111111111·,11;11
agit. 111, 111112. omnis 1111111 1111111111 11111111, 11111 11
1111 1111111. 1, 1111Ξ; 11, 5111. si 1111111111, 111111 111111, 1.-
[11111111111111111111. 11, 1111.

1111111111. 1,·11, 1 (1111111111111111 111111111111 1111111111 111-
5111. 1, 111. 111111111111111111111111111111. 11, 1.·1111, 11111
11111111. 11111. 1111111111· 11111111111111· 1111111111 1111111 Dei 1111-
1111111111. 111115. 11111111111111111 1111111 nnn 1111111, 1111.
1111111· 1111111111· aliis 111111 11111111. 11, 18115- 111111111113 11·
1111111111 1111115111 1111111111111111111111111. 11, 18115.
111111111111111111111111111 111-1111111111. 1111, 11111, 11811 ,11111-
dictemus 11111 1111111111 1111111111· 1111111 mationibus. 11,
1111111. 1111111111 1111111. 1“,11 1. ,1111111111 11111 11· 11111111 uu:
1111111111· wat, 1, 1117.

1111111111 111111111Ηώ111. 111, 81, 81.

 

