111

,111111111 1111111111111111111111111.1111111111,

111. 11111 11, 1115, 11111. ,1111 111111. ,1. 21111. 1111111111
1111111 1111111. 111. -21111, Mur» 11111111111111111111. ,1. 11111·
1111111111111111111111 ιιι [1111111 111·1.11111·,111.1 11111111 1111111
111111111111111111111. ,1. 1131. 11111111 1111111 1111111111111111
1111 11111111 invenimus 111 111111 111111111111111111 1111111111,
111111. 1114111ἑ1111111111111 11111111 111 1111111111111111 111111111-
ΓΙ01111111111111111. nunninus 111111 1111111111111111111111.1111
miserationis 111111111111111111111. 11, 1111. 11111111 1111111111
11311111 111111111111111,[1111111111ιι. 11111 111111 pm 1111111111.
V, 111111. Non 1111111111111111,1111 11111111111111111111111111111,1
1111111111111111111111111111 a 11111111 Genu-s, 111. 11,
111111. 11111111111111 1111111 1111111111. 111. 11111. 1111111111 1111-
1111111111111111111, 1111111 111 11111ιί1 11111111 11111111111111.
V. 11Ξ1. 1111151111 1111111111», 1111111111111·1·1111111·. 11, 111111. 111-
1111111111· pratum 11111111111111111111 in 11111111111111 11111111
11111111.. 111Τῦ. 11111111111111,ιμιιιιιιυιΙιιΙ 1111111 1111111111)-
11111. 1111, 111111. 111111Ι 1111511. pignus 1111111111111. 1. 1111.
1111111111111 11111111111111111111111Ι 11111111. ,1, 1111. 11015
11 11111111 1111 11111 1111· 1111 1111. ,111 munus misericordiane.
111. 11111Ι 111111111111111111111. 1111 11111111, 111. 2072. 1111111111 11
1111·Ι 11111111111111 111111111111111111 nou 1111 1111111111 pec·
11111. 1 87 .

11111111 11111 esse 11 11111. 1. 11111. ,1 111111111111115511111-
11111111. 11. 9111. 111111111111111111111 1111111111, 11 quomodo 1
11111, ,1. 11111. 1111111111111 1111111111111 1111111111 111111. ,1. 111.
11111111111111111111111 1111111111 111111111111111 11111111 11111-
ιιιι. 1, 181. 111111 1111111 11. non 111111 11111. ιιι 1s, 1111111111
1111111111 1111.11.ι“1“111.1111111111111111111111111111, 1111111111.
. , 111111. 111111. 1111111111111. ,1, 1111, 1111. 111111 11111111111111111·
11111111111111111. 11. ,111. 111111Ι 1111111111 11111111. 11111 15111
pwua 11111111. 1111111111. 1111111111 11111111 111111 1111111111·
1111111111 1511111111111111.1111111111111111111 1111111111111
ιιι 1111 mon-remur. 11, 1811. 111111 1111111 1111111111, qui 1111
11111111111111111111111111111111111·.1’11.5111;1111111111111,
Vm ,111 111 11111111, 11111111 111111111111111111· 11111111.

. -1;1,11111111111111111111 1111 1111111111111111111111111·
111 1111111111. 1111 mors l 1111111111 1111101111111. 1, 11111. ,turs
temporalis 111 exorcizatum-m 111111 relinquitur. 11. 1181; V,
¹573: ,1, 182. 1111. 1111. 11112111). 11111111 1111111111111111 est
111 1151111111111111 111. 3111.

,11111111 1111111111111, 1111. 111111 ιιι parvulos 111111 11111111,
11113 11111111 1111111115 obnoxius 11111111111111 111. ,1. 11111.
11111111 1111111111111111 111111 11111111111111. ,1, 1111. 1112. 11111111
1111111111 1111111. 1, 1111. 11111111111111 11 1111111111 11111111
1111111111· *1111111111- .1, 1111, 1121. 111111111111111111 ,11111 in
1111111111 ι
11111111111111111·11111111111
11111. 1111111111111111111 1111113111 111111111111111(11111111111111111
111 11111111111111111111111111. 11, 11111. Quomodo 11 1111111111
11111111 11111111. 1111. 111.

,11111 11111111. 1111. 11111, 111ος ,1. 1111. 11111111 111111, 1111
1111111111 111111111111111111ι 11111 1111111111,1111111111111111·
11111111. 1111111. 111111 duplex: 1111111 11111111111111. 11111111
11111111. 111, 17104 11111511111111111 1111111ι 1111,11118. 111, 511.
11111111111111 onmes [1111111111. ,1. 11111. 111111 11111111,
prima 11 1111111111. 11111. 11115; 1121111111, 5111. 111111
prima, 111111. 111, 5111. 11111 1111111 1111111, 1111111111111111-
111111 ι1111111511οιιιιις 1111 1111111111, 1111111 11111111111111 11111111
111111111111111111111.1111111, 111111, 111111111111111111 est 11111111,
1111111111 1111111111111111111 11111111. minatus 1111111111-
111111111111111111.111 11111111111111111111 11111111 111111 1111-
'un-is 1111111111 non 11111111, si 1111111111 11111 1111111111.

11111111 111111111111111111 111111ι11111..1.1111, 111111

11, 11111. 111115· 1111111 1111111111ιί.»Ι 1111111111, mn 1111111111. 111,
11111. 11111111 11111111111111111111111111 11111111111111, 1111111111511111
11111 1111111. V, 11115. 1111111111 1111111111 1111111111 1111111111,
*1¹¹¹ 1111111111 1 1111111111.1’11..1111. 11111 [11111111 pro 1111111111
1111111111, 111111111111111111. 111, 11111. 1111111111 1111111111
1111111111 11111111 1111(1111111111111111111111 mus 1111111111.
111.1,1-“.1.,111111111111111.111111. 111. 11; ,1. 111. 1111 Mors
11111111. 111, 1111, 1111111111 11111 11111 1111111 11111111 qu&
91· V·- 1111- 1111111111, 1111111111 1111111111111111111,
1111. 11111 semmaa, 1111111111 111111111.1“11,11581 111.
111111111111111 1111111111. 111 , 5111. 111111 1111111111, 1111·
11111111 1111 1111111111.1’11.1518.ι,11111111·ς’1 11111111 1111111 iu ci-
111111· 1111111111. 11111 111 1111111 1111111111 ιιι 11111111 1111111111111.
111 . 11111. 11111111 111111111111111111111111111 1111111111 11111·
1111111111, 11111. 1111111111111 secundnm 11111111 1111111111-
ι·1·ιιιιιι· 1111111111111111111111 Dei 1111111111. 111, 1111. 111111
1111111111, 11 mors ι·ιι1111111; 11 11111111 1111 1111111111. V, 1¹02.
11111111111111111 ιιι 1111111, 11111111111111 11111111ιί1. 1, 1111.
111111 11111111 1111111 11111 1111111 111111 1111111111 1, 1181.
1111ιί1 111111· 1111,11,ι11111111111111.11111 11 1111111 11111111 1111111131.
1111.- 11111. 8111. 1111111111111111111 1111111111111111111 1111111111

ἥκητε, υ11ι1111111. 11 , 11111. 1111111 1111111111 1111111111. V, 1111

ι
1

VN mmm 0111111 mcv 1116151111

m

1111111111 11111111, non opinio, 1111 11111111. V. M, 111111
1-115, 1511. 111111 11111111 111.. 1111111111 11111. lv, 25⁸. Est
dulce 1111111111111 1111111111 1111111111. 11 1111111111 11111111. et
111111111111111.1’, 111111. 11111111111111 1111111111 vox, ιιι
hono 1111111111 fugiat. 111. 11111. ,1111111111 um numos 11111,
glum. 111, 5111. 11111115 11111111. w. 11111. 11 1111111111111 111-
11111111111111111111. ,1. 111511, 111511. 111111111111111-
stetis 1111 111111111111111.,1,111111. ,111111 1111111111 Deus 11111.
11111111 disciplinam. 11, 111111111111511111111. immam. 1,
111111, 1111111115 11111111111111111. quam 11111111. 1,11111.
11111111 11111111· causa ι 1111111111 11111111111111111. 1. 71111. 11111·-
1111111111· 1111111111, 11111. 111111111111111111111111 pungit,
11111111 111111 111111· 1111. V. 91111111 1111111111 u! 111111 mo·
11111111. 11111. 111111 111. 11111· 11 111111 '. . 111111 1111.11,1.111.
11111.11111111111111111 magis, quam 1111111111. V. 11111. 11111,
1111. 111111111111111 mars 1111111111111111111111. 1, ffl-
Ejus 1111111111 1111111111111111111111111. 1111. 111111111-
111111111111111111111111111111 1111111111111111111111, 111111, nm.
1111111111 11111 1111111· teneamur 1111111111. V, 11111. 111111 11-
menies. 11 1111111 11111111 11111 111111 11111111 mori, 11111111 ιιιιιι
agua! 11111 11111111. 1. 11111111111111 1111111, 1111 pm
11111111 1111111111 1111111111. qnare. 11. 1111. 111111 tamenn
1111111111111 111 1111111. 111. 11111. >omn 11111111 111 mm 11111-
1111 11111111.111111111111111111111111111111111. 111, 8111. 111111 111·
1111111111 11111111111111 1111111111111111111111111 1111 1111111111.
111. 255. 1111111111111111ι111ι 1111111111ιὴ 11111111 111111. quod 1111-
esse 1111111 pos! 1111111111111, 111. 111111 11 111111 1101111111111111
111111. 11111111111111111111 post 1111111111. 111, 11111. 1111 1111111
agis, ιιι 1111111 111111 unatim-ime 1111111111 ιιι 1111111111111111-
11111. V, 11111. 11111 11111111111111111·1111111111111.11111111-
ιιιι· 1111111111 ipsum 1111111111. 1111111 1111111111. 111. 111111.
11111111 111111111111115 resngimn, 111,· 11111111 11111111 1111111 111-
11111. 111, 1111. 111111111111111111111111111111111. 1. 11111.
111111111111111111.1111111. 111111 1111111111 nnn 1111111111.
111, 11111. ’11111 1111111111Ι 1111 1111111 1111111111 1111111111 11111
11111111. 11. 1-1. 1111111111 11111115Ι ,1111111111 11011 111111111,111ϊ 111·
1111·1.1,11“11.1.111111111 1111111 1111111111 1111111111 1111111111,
111111111111111111 11111111 11111111. 111, f„ 11111111111111 1111·
1111, 111111 [11111 1111111. ,1, 1111. 1111111111 11111111 1111111111
1111111111. quam 1111111111. X, 11111. 1111111111111111111 1111111111-
11111 1111111111. 1111111111 11111 1111111111. 1. 1111. 111· mor-
11111. 1111 ,1111111111111 111111111111111 111, 1111111111 111
11111111 11111111· 1111111111. 11. 11111. 111111111111111111 111111 et
1111111111. 11, 1115, 1111. 1111111111 111111111τί1111 111111111, 111111
11111111111111111.11’. 11111. 1111311111111 1111111111 111111 msa
11111111· 1111111 11111111111111 1111111. 1. 1511. 11111111 1111111111
(111111111111111111111111111111111. V. 11111. 1111111111 1111111111, 11-
111 11111111 11111111111111111. 11. 1115, 1111. 1111111111 111111 1111
111111. 11, 1111. 1111111111 1111111 11111111111111.111111111111
11. 11, 1171. 11111 1111111111 1111111111 t 11111 111111. ,ru virili
11111111. V, 11111. 111111 11111111 nou [mlest. 1111111111 pnsum. V,
11111.1111111111111111111111111 1111111111 1111111111.111111 11111111
1111111111. 11, 1111.. 11111111 11111111 11111111 11111 11111111 111113
1111111111. 1111 111 11111111 cau-nis refugit. 11. 1111. 1111111111 'm
1111111111 11111111 111111111111111131111111111111111111 ser·
1111111 1111111111. 11, 1111. .

1111111111111111111 11111111. 111. 11111. 1111111111· 11111111Ι
11111111111111111. 111, 1111. 11111 1111111111111111111 111111 1111,
1111111111111111 11111 11111. 111. 1111. 1111111ςί111 11111 11111111 111,
1111111111111. 11, 111111. 111111111111111111111111111 11111, 111111. 11111
1111 : 1111 cantionem 1111111 11111111 placito se 1111111111 ss
11111111 1111111111. 11. 1111111111111111 111 1111111111 nummu!
11111 ,1111111111 [111111111111 1111111111 1111111. 111511. 1111111111
sanium 1111111 11111 1111111111, 3111111111 1111111111 11111111
1111111 11 111, so. 111, . ,1111111111 11111 in 1111 ιιοιι 11111. 11.
111ῖ1ς 11, 11111. 111 111111111111111111111111111131111111111111.
1111111111 11111 1111111 1111 1111111 magnitudinem ιι1111 11111111.
111. 1111, 1111111111 1111111111111111 [111111111111111111 1111111111 {Vt-to.
111, 711. 1111111111 111111 111 1111111111. 111, 11111, 11111. 1111·
111111111111111111 {mins 1111111 1111111111. 111, 11111. Ι ,

111111111111111111111111111111111 . 1111. 1111111111111111111111
111, 1111. ,1111111 1111 11111111 1 1111111111111111111111111. 11
7⁴24, 1911. 111111151111111111111111 1111111 1111111111 11111111
111 11111111111111, 1111111111 11 1111111111111.1.1,11111. 11111111111111
1111111111, 11111111111111111111 ιιιιι cogeretur, in 1111111111 111111.
11. 1111. 111111111111111111 111111. 1111111111 qnam 1111111111.
11, 1111. 11111111111111· 1111111 1.·11111 1111111111, 1111111111 1111111111·
11111111111111.111.111 »111111111111111111111111111111 ‚¹²¹⁸V'·
ιιιιιι 11 11111111111111. ι. 1111111111 11111111111111. 1 ,11111
1111111111111111111.11115. 11111111111111 11 mutim!
1111111111111111 ’1111111 1111111. 1.1, 111. (1111111111 111 christun
subveniente· 111111 1111111111 1111111111. 111Ιῖ111. mmmm
111111111111111111111.1111111111 1111111111. 11111111. §led
111111.·111.11111111 ιιιιιι eonsilium 111111 111111 11111111 ¹¹¹¹:
1111111 11111111 11111111 [1111111111. ΙΙΙ. 171111.1111111111111111111η
1111111111 111111 1111111111 1111111· 1111111111, 11111111 1111111111
11111 111 1111· 11111111111111111 aenigmate. 11151· 110111 1111·
111111 111111111111111 11111111111111 1111111*-

 

 

