111

1111 1111111111, 111111111111111111111. 111, 11111. Deo 111·
111111111111111111111 largimur. 11, 111111.

1111111111 11111111·111111)1ο.1.159. 111111. 1111111111-
111111 1111111111 1111111111. 1, 1111.111111111111111111 11111111
1111111111. 1. 1111. 111111111111111111111, 11 1111- 11111111· 111 1111-
1111 11111; 11111 1111 1111111111, 111111 1111111111 1111 11111111
111111. 1, 11111. 15111111111111 11111 11111 111111 11111. 1111111111
11111, 1111111111 11111. 11, 15111. 1111 daal 111111111111111111111-
111111111111111,11111 111111 1111111 111111111111111111111. 11,
11111, 11111 1111 111-1111 1111111111, 11111 1111111111 11111111
11111111101111111111. 11, 11111. 1111 11111111 1111111111 111 111111-
“ 111111111111111111111111 11111111111111 11111111 11111111111 111111111·11;

111 1111111 11111111 11111111, 11 111 1111111111111111111111. 11,

111111ὧ111161111111111 1111111111111111111111111111111111-11111111. 11,
, ι 1.

111111111111 1111111 1111111,1111 111 111111111111111111111·
111·11(11.1,11111,1111;1 hugar} >ibi 1111 111111 111 1111111111
dedii. 11, 11112. Ε1111111111111111111111111 1111111111, 11111111111111
dau 1111 1111 111 1111111111. 1, 5111. 111 1111111111,11111111111111
111 : 111111111111111111, 11111 11111111. 11, 11111111111111111
11111111111111, 111111 11111111 1. 11, 11511. 1111111 111 11.111111,11

· 111111111111111111 11111111111111111111111111. 1, 11111. 1111111·-

111 1111111111, 1111111111 11111 111111111111. 11, 11111. 1111
1111111 111111111111111, 1111111111111111 11111111111111. 11, 11111.

11111111111111,,1111111111111111111111111111111111111111,1111111111-11
111111111111111. 11, 1. 11. 111111111111· 1111111111111111111111111111-
(11111111111111111111111111111111111111111111111«111-1111111111,
1111111111111111111 11111 1·111111111111,11 11111111 111 111111-
1111 1111111111111,11111111111 1111111111111111111111111111111111111111,-
111. 1111111. 11111111111111111111111111,1111111111 1111111111.
mm. 115. 1111111111· 1111111111 11111111111111 11111111 11. 11,
11111 111111111111111·111111111111111111111111111111111 1111. 111-
1111111 11111111; 111 11111111 1111· 111111111111111. 11, 1111 Ι, 1111111·-
111111111 11111111· 1111111111, nnn 11110111111111111111111111. 1,
1111. 1111111111. 1111 1111111111 1111111111 1111111, 1111111 11111111-
1111, 11111111111111111111111111111 11111 1111111. 11, 511111 1111111-
1111Ι 1111111111· 1., 111111 1111111 11111111111111111111. 1, 1 ’11,
111-111111 11 11111111 1, 1111 1111111111 11111 1111111. 1. 1111. 131111-
1111 11111 111111Ι 1111111111 111111111111111111111111111 11,
111, ,111; 1, 1171. 11111111111111111, 1111 1111111111, 1111111-
111111111111111111.11111. 111111111111111 1111111111 1111111 1111-
11111 ; 111111 111111111111111, 11 11111111 111; 111111111111111111-

(lant, 11 111111 11, 195, 111, 11111. 111111 1,111111111111111
111111111111111111·. 1, 1111. 11111 111111 11111 11111, 11111111 111111111-
11111 ; 1111 1111111111 111111111111·ἰ1,1·11111111111 1111. 1111 1111
1111111111111, 1111 11111 1111111111 11111111111. 1, 11). 1111111111·-
11111111111·11111111·,1111 1111111111 1111111111. 1, 1111. 111-11111111
1101111111111111 1111111111. 1, 1111, Ι

limeum-sna quomodo 1111111111 11111111111111.
Ε111111111υ1 111111111111111 11111111111111111 1111111111111111111111111-
scene 1.1111111111111.1.111111. lix 1111111 1111111111.11,1111.
1111111111 1111111. 1111111111 111 1111111111.. 1, 111111. 11111
1111111111, 1111111 111111 1111111111.1,111. 11111111 1111111111
111111 sese 1111111, 11111 11111111111111, 11111. 1111111111111
phariseorum 111111111111111 1, 11111. 11111111111111111111·
111111111111111111 11 a 1111111111111111111,111 1111111111 111111
interpellantis. 11111 111 1111111111 1111111 1111111111. 11, 1111.
s! 11111111111111111 1111111, 11 1111111 11 1111111111 1111111111.
11, 1111. 111111111111111111111111111111111. >i 1111111111 1111111-
11111111 111 11111111 1111111111·11,1111111 1111111111 1111111 11
11111 111111111111,11’1111111111.1 111111111111111 111-1111111, 1111-
1111 Deus 111111111111111 11111. 11, 1111111 1111111111111
1111111111111111111111 11111. 11111111 11111111, 11 111111111111111111111

1111111111. 11, ¹³27. 1111111111111 111 1111111111 1111111 111111-Ι

atores 1, 1111. 1111111111 111111 111 11 111111 11111111, 111 111111.-
111111 11111111111.1,1·“1“ . 111 1111111111111111111 1111111, 1111
1111111111 iniquo: 111 11, 111 1111, 11111 11111 1111111111. 11,
17111, 1511. 11111 111111 11111111111,111Ι 11111 11111111111111·
11111111. 111. 7111. 1111111111 1111111111111 11111 111111 111111
11111. 11111111 1111111111. 11, 111111. 1111111.

1111111111111 11111. 111111111111111111111111111111111,111111,
1111111. 1111111 11111Ι 11· 1111111111, 1111 1111111 1111111111 1 1111-
111111. 11, 511. 1111111111. 111111111111111111111111, 1111 11111 111-
11111 1111111111. 11, 1511. 1111111 1111 11111 1111111111 111111 111-
1111111111111111,1111111111. 11, 111111.

1111111111 1111 in 1111111111. 11, 1111. 1111111111 1111111111
11111 1111111. 11, 111. 1111111111 1111111 111 1111111111 11111111
sua 11111111 11111. lide 111111 1111111111111111. 111111111-
§suis 1111111111 1111111111 n 1111111111111111, 2²50. 111111111-
1111111 11111111, 1111111111 1111111111· 11111111111111. 1, 11111,

11.

111111111111·11111111111111111111111111111111.11,111111,11“111;111,
1-1ῖ. 1111111111 11 111111111111111111111111111 111. 11, 1111, 1,
sm. 1111111111111111 111111111111111111 1111111111. 1. 1111, 11111,
ww. 11111111111111111111111 11 1111 1111.1111111111,11111111·
11111. 111-11111. 11. 1113. 1111· 1111 111111 1111111 1111111111111111-
11111111 1,111111111111111111111111111111 oratio 1111 11111. 1,

INDEX ememus·

m

11111111111111111111111 111111 faciunt qui 111111 1111111. 111,
’111, 7111. 111111111111111 1111111111 1111111111 111 1111111111.
111,·110. 11111 1111111111, 11111 1111111 111111111111.1,Ξ1.“1;11,
ma, 1111, 11111.Ι 111111 1111111111 11111111 1 111111111111111111111111111-
1111Ι 111111 1111111111111111. 11, 1171. 1111111 1111 1111111111111111 111
11111111, 1111111111111111111111 1, 11111. si 11110 1111111 111111
11111 11111111· 1111111111 11111 1111, 111111 1111111111 1111111, 1111 11-
11111111 11111111111111 111111111- 1, 115. 131 1111111111 11111111
111111 11111111 111· 11111111 11111111.11,·11111;11, m.
1.Ι.,·1111111111111 1111 11111 1111111111· 1111111. 1, 1111.

1111111111111111111111111 11111111. 1 1, 1111. 11111111111111111·
[lex 11111111,111111111111·- 11 11111.1,1.“1·.), 11111, 11111, 11117.
1111111111111 11111 111 111 1111·111,111111·11Ι1 1111111111. 1, 51111.
1111111111111· 1111111111111111, 111-11111 1111111111. 1, 11111
11111, 11115.1·ζ11·1111111·111 11 111111 111 11111111111111111111
111111111111111 1111111 111 11111 1111111111 11111111.11,·11111111111
11111111 111 11111,Ι 111111111111·1111111111,11111, 11111. 11111111.
1111111111 11111· 11111 1111111111. 1. 1111. 111111111111 11111111
111111111111111 11 11111111111111,111 11111111 111 1111111111111 11-
1111111111· ,1.11111. 1111111111 1111111 1111111 ea 111111 111111
11111111111111111111111111111111. 1. lom.

ι 1·.111·1111111111 1111 1111111111. 1· 1, 11111111 Avarus. 1111111111.
1111111111111 111-1111111111 111111 Ι111. 11, 15Ξ1.11111111111111111
1111111. 1, 115, 1111, 11111. 11111111111111111 1111 1111111111111
111111 1111111111. 111, 11. 111 111111 111-1111111111 1111111111-
111111 111 1111111111, 11111111. 1, 1111. 1ῖ1111. 11111111111111111111-
111111111 11111111111111. 1.1111, 1111, 111111, 11111, 11171. 171111.

1111111111 1111111111. 111, 1111. 1311111111 11111111 11111111.
11 . 111. 1111111111 1111111111· 11111111111111111.1111, 1111111.

Ι 1111111111 11 11111111 1111 1 11111 1111. 111111 111111111111111111.

³.- 51111. 111111111111111111111-1111 111-1111111111 1 1111111111 11111. 1, 1110.
1111111111111111111111 11 111111 111111 11111111111111.111,111. ,1111
1111111111 1111.. 1111 111111111111111 1111111111111111111111111111111·
11111111. 111,-,1111111 111111111111111111 11111 111111111111111
1111111 1111111111. 111, 1111. 11111 1111111111111111 11111111 11111-
11111111111111 11111111111111·11·,111111111 111111111111111 1111111111·
111, 1111, 1171. 1111111111 1111111111 11111111 1111111111 1111
11111111 a 1111111111. 111, 111,· 111, ’.111, 111 1111111111111111111111-
1111111111111111111· 11111». 111, 11111. 11111111111111111111111111.
1, 111111111111 111 1111111111 11111111111111111111 111111
111111111111 Ι111111. ΙΙΙ. 11,-111, ’.111,

1111111111111111. 1. 11111. 1111, 1111111111. 11, 5111518, 330,

111111111111111111 111. 1111.

ι 111111 111111, 1, 131111, 1.·111.11111111111111111111111111,111,
11111. ,1111111 1111111111111111111 1111111111. 11, 1111.

1.·11111111111 1 1111111111. 11, 1111, 11111.

111111 111-,1011 111111 11111111 111111 1111111·111,1111111111111
1111· ,1111 1111111111 11 1111 1111111. 11, 1111. 111-1111 11111. 111 11-
11111111 1111111 11111111 111 1111111. ,1, 111111. 111111111111111·
11111111 1111111111. 111, 1111. 111 111 11111111 111111 jam 1111111111,
e} 1111111-111111111111111111111111111 11111111, 111, 51111. ’1111111-
1111 11111 1 11 11111111 1111111111 11111 1111111111111 11111111. 11,
81 Ι. 1111111 1111111 11111111111111111111 1111111111111111111111
1111111111. 11. 1111 ς 1, 15111. 111 1111111111 111 11111 1111111 111
11111111111111111111 11111111. 111, 5111.

11111111111111111111111111 111111. 111. 1111, 11111 1111 11111111
11111111111111111111. 11111111 ,111111111111111111-111111. 111. 111111.
111111 1111111111 ,1111111111 1111111111 11111 1111111111. 111. 101. Et
mvm 1111111111 11.1111111111.111,701.1111· 1111111111 11
,1111111111111 111111 1111111111 1111111111 11111111111111111 111111.
111. 1111111111 1111111111 1111111111. 11,1111. 111111 11111111
11111111 1111 1111111111111. 1111111 1111111111. 111,3111.1.111111·1·
1111111111 1111111 111111111111 1111. 111,·101. Cur 1111 1111111111 1111-
111111. 111, 11111. ,111 11111111 1111111111 1111111111. 11 11111111-
11111 1111111111 1 1111111118, 11111, 11111. 111111111111111111
1111111111111111111111. 1, 11111.

1111111 1111111111111111, 111111111111111111111111111. 111, 1112.

,1111111111 1111111111 ex 11111 111. 11, 111 1. son 1111111111111111,
1111 1111111111111111. 1,*1111. 1111111111.

1111111111 111111111111111111111111. 111, 8111.

,11111111 111,.11111111111111 1111111 11, 11111 1111111 1111111111,
1111. 111111 1111111111 111-1111111111 11 graii-2 1111111111
1111111111. 1. 1711, 1111

1111111111 11111111 1111 1111111111. ,1,1111. 11111118 mortuos
1111111111. 11. 1111. 11111111 1111111111· a 1111111 irrisa 111111 11·
1111111111. 11, 111-’111, 101111.

111111111111111111110 1111111,11111111 1111111111Μο medica·
1111111111. , ,111,

121111111611111 1111111111 1111111111111111111. 111. 52⁸·

1111111111· 1111111111111111111111111 1111111111 et 11111111 doetissi-
1111, 111 11111111. 11111 1111111, 11111111111111111111,11111 erroro
11111111 111-111111. 11, 11111.

1111111111, 111111, 11111111111111, 1571.

11111111 111111111, 11111 111111111111111111. 11, 1⁰23.

1111111111 1111111.111,-111. 1111111111111111. 11, 1111211111
1111111111. 11, 17111. 1111111111111111 111 111111111111111111111
11111111 societate 1111111111111 1111111111· nonnullos 1111111

11111.11,1-11.111111111111111 11111111 &esconium 11 111,

υ „¹5” x

 

